//
//  Created by  CQU_CST_WuErli
//  Copyright (c) 2016 CQU_CST_WuErli. All rights reserved.
//
//#pragma comment(linker, "/STACK:102400000,102400000")
#include <iostream>
#include <cstring>
#include <cstdio>
#include <cstdlib>
#include <cctype>
#include <cmath>
#include <string>
#include <vector>
#include <map>
#include <queue>
#include <stack>
#include <set>
#include <algorithm>
#include <sstream>
#define CLR(x) memset(x,0,sizeof(x))
#define OFF(x) memset(x,-1,sizeof(x))
#define MEM(x,a) memset((x),(a),sizeof(x))
#define BUG cout << "I am here" << endl
#define lookln(x) cout << #x << "=" << x << endl
#define SI(a) scanf("%d", &a)
#define SII(a,b) scanf("%d%d", &a, &b)
#define SIII(a,b,c) scanf("%d%d%d", &a, &b, &c)
const int INF_INT=0x3f3f3f3f;
const long long INF_LL=0x7f7f7f7f;
const int MOD=1e9+7;
const double eps=1e-10;
const double pi=acos(-1);
typedef long long  ll;
using namespace std;

int n, m;
int ans[44][44];



int main(int argc, char const *argv[]) {
#ifdef LOCAL
    freopen("C:\\Users\\john\\Desktop\\in.txt","r",stdin);
    // freopen("C:\\Users\\john\\Desktop\\out.txt","w",stdout);
#endif
    ans[1][1] = 1;
ans[1][2] = 1;
ans[1][3] = 1;
ans[1][4] = 1;
ans[1][5] = 1;
ans[1][6] = 1;
ans[1][7] = 1;
ans[1][8] = 1;
ans[1][9] = 1;
ans[1][10] = 1;
ans[1][11] = 1;
ans[1][12] = 1;
ans[1][13] = 1;
ans[1][14] = 1;
ans[1][15] = 1;
ans[1][16] = 1;
ans[1][17] = 1;
ans[1][18] = 1;
ans[1][19] = 1;
ans[1][20] = 1;
ans[1][21] = 1;
ans[1][22] = 1;
ans[1][23] = 1;
ans[1][24] = 1;
ans[1][25] = 1;
ans[1][26] = 1;
ans[1][27] = 1;
ans[1][28] = 1;
ans[1][29] = 1;
ans[1][30] = 1;
ans[1][31] = 1;
ans[1][32] = 1;
ans[1][33] = 1;
ans[1][34] = 1;
ans[1][35] = 1;
ans[1][36] = 1;
ans[1][37] = 1;
ans[1][38] = 1;
ans[1][39] = 1;
ans[1][40] = 1;
ans[2][1] = 1;
ans[2][2] = 6;
ans[2][3] = 11;
ans[2][4] = 18;
ans[2][5] = 27;
ans[2][6] = 38;
ans[2][7] = 51;
ans[2][8] = 66;
ans[2][9] = 83;
ans[2][10] = 102;
ans[2][11] = 123;
ans[2][12] = 146;
ans[2][13] = 171;
ans[2][14] = 198;
ans[2][15] = 227;
ans[2][16] = 258;
ans[2][17] = 291;
ans[2][18] = 326;
ans[2][19] = 363;
ans[2][20] = 402;
ans[2][21] = 443;
ans[2][22] = 486;
ans[2][23] = 531;
ans[2][24] = 578;
ans[2][25] = 627;
ans[2][26] = 678;
ans[2][27] = 731;
ans[2][28] = 786;
ans[2][29] = 843;
ans[2][30] = 902;
ans[2][31] = 963;
ans[2][32] = 1026;
ans[2][33] = 1091;
ans[2][34] = 1158;
ans[2][35] = 1227;
ans[2][36] = 1298;
ans[2][37] = 1371;
ans[2][38] = 1446;
ans[2][39] = 1523;
ans[2][40] = 1602;
ans[3][1] = 1;
ans[3][2] = 11;
ans[3][3] = 20;
ans[3][4] = 35;
ans[3][5] = 52;
ans[3][6] = 75;
ans[3][7] = 100;
ans[3][8] = 131;
ans[3][9] = 164;
ans[3][10] = 203;
ans[3][11] = 244;
ans[3][12] = 291;
ans[3][13] = 340;
ans[3][14] = 395;
ans[3][15] = 452;
ans[3][16] = 515;
ans[3][17] = 580;
ans[3][18] = 651;
ans[3][19] = 724;
ans[3][20] = 803;
ans[3][21] = 884;
ans[3][22] = 971;
ans[3][23] = 1060;
ans[3][24] = 1155;
ans[3][25] = 1252;
ans[3][26] = 1355;
ans[3][27] = 1460;
ans[3][28] = 1571;
ans[3][29] = 1684;
ans[3][30] = 1803;
ans[3][31] = 1924;
ans[3][32] = 2051;
ans[3][33] = 2180;
ans[3][34] = 2315;
ans[3][35] = 2452;
ans[3][36] = 2595;
ans[3][37] = 2740;
ans[3][38] = 2891;
ans[3][39] = 3044;
ans[3][40] = 3203;
ans[4][1] = 1;
ans[4][2] = 18;
ans[4][3] = 35;
ans[4][4] = 62;
ans[4][5] = 93;
ans[4][6] = 136;
ans[4][7] = 181;
ans[4][8] = 238;
ans[4][9] = 299;
ans[4][10] = 370;
ans[4][11] = 445;
ans[4][12] = 532;
ans[4][13] = 621;
ans[4][14] = 722;
ans[4][15] = 827;
ans[4][16] = 942;
ans[4][17] = 1061;
ans[4][18] = 1192;
ans[4][19] = 1325;
ans[4][20] = 1470;
ans[4][21] = 1619;
ans[4][22] = 1778;
ans[4][23] = 1941;
ans[4][24] = 2116;
ans[4][25] = 2293;
ans[4][26] = 2482;
ans[4][27] = 2675;
ans[4][28] = 2878;
ans[4][29] = 3085;
ans[4][30] = 3304;
ans[4][31] = 3525;
ans[4][32] = 3758;
ans[4][33] = 3995;
ans[4][34] = 4242;
ans[4][35] = 4493;
ans[4][36] = 4756;
ans[4][37] = 5021;
ans[4][38] = 5298;
ans[4][39] = 5579;
ans[4][40] = 5870;
ans[5][1] = 1;
ans[5][2] = 27;
ans[5][3] = 52;
ans[5][4] = 93;
ans[5][5] = 140;
ans[5][6] = 207;
ans[5][7] = 274;
ans[5][8] = 361;
ans[5][9] = 454;
ans[5][10] = 563;
ans[5][11] = 676;
ans[5][12] = 809;
ans[5][13] = 944;
ans[5][14] = 1099;
ans[5][15] = 1258;
ans[5][16] = 1433;
ans[5][17] = 1614;
ans[5][18] = 1815;
ans[5][19] = 2016;
ans[5][20] = 2237;
ans[5][21] = 2464;
ans[5][22] = 2707;
ans[5][23] = 2954;
ans[5][24] = 3221;
ans[5][25] = 3490;
ans[5][26] = 3779;
ans[5][27] = 4072;
ans[5][28] = 4381;
ans[5][29] = 4696;
ans[5][30] = 5031;
ans[5][31] = 5366;
ans[5][32] = 5721;
ans[5][33] = 6082;
ans[5][34] = 6459;
ans[5][35] = 6840;
ans[5][36] = 7241;
ans[5][37] = 7644;
ans[5][38] = 8067;
ans[5][39] = 8494;
ans[5][40] = 8937;
ans[6][1] = 1;
ans[6][2] = 38;
ans[6][3] = 75;
ans[6][4] = 136;
ans[6][5] = 207;
ans[6][6] = 306;
ans[6][7] = 405;
ans[6][8] = 534;
ans[6][9] = 673;
ans[6][10] = 836;
ans[6][11] = 1003;
ans[6][12] = 1200;
ans[6][13] = 1401;
ans[6][14] = 1632;
ans[6][15] = 1869;
ans[6][16] = 2128;
ans[6][17] = 2397;
ans[6][18] = 2696;
ans[6][19] = 2995;
ans[6][20] = 3324;
ans[6][21] = 3661;
ans[6][22] = 4022;
ans[6][23] = 4389;
ans[6][24] = 4786;
ans[6][25] = 5187;
ans[6][26] = 5616;
ans[6][27] = 6051;
ans[6][28] = 6510;
ans[6][29] = 6979;
ans[6][30] = 7478;
ans[6][31] = 7975;
ans[6][32] = 8502;
ans[6][33] = 9039;
ans[6][34] = 9600;
ans[6][35] = 10167;
ans[6][36] = 10762;
ans[6][37] = 11361;
ans[6][38] = 11990;
ans[6][39] = 12625;
ans[6][40] = 13284;
ans[7][1] = 1;
ans[7][2] = 51;
ans[7][3] = 100;
ans[7][4] = 181;
ans[7][5] = 274;
ans[7][6] = 405;
ans[7][7] = 536;
ans[7][8] = 709;
ans[7][9] = 894;
ans[7][10] = 1111;
ans[7][11] = 1330;
ans[7][12] = 1591;
ans[7][13] = 1858;
ans[7][14] = 2167;
ans[7][15] = 2482;
ans[7][16] = 2825;
ans[7][17] = 3180;
ans[7][18] = 3577;
ans[7][19] = 3974;
ans[7][20] = 4413;
ans[7][21] = 4860;
ans[7][22] = 5339;
ans[7][23] = 5824;
ans[7][24] = 6351;
ans[7][25] = 6884;
ans[7][26] = 7455;
ans[7][27] = 8032;
ans[7][28] = 8641;
ans[7][29] = 9262;
ans[7][30] = 9925;
ans[7][31] = 10584;
ans[7][32] = 11285;
ans[7][33] = 11998;
ans[7][34] = 12743;
ans[7][35] = 13494;
ans[7][36] = 14283;
ans[7][37] = 15078;
ans[7][38] = 15915;
ans[7][39] = 16758;
ans[7][40] = 17633;
ans[8][1] = 1;
ans[8][2] = 66;
ans[8][3] = 131;
ans[8][4] = 238;
ans[8][5] = 361;
ans[8][6] = 534;
ans[8][7] = 709;
ans[8][8] = 938;
ans[8][9] = 1183;
ans[8][10] = 1470;
ans[8][11] = 1759;
ans[8][12] = 2104;
ans[8][13] = 2459;
ans[8][14] = 2870;
ans[8][15] = 3287;
ans[8][16] = 3740;
ans[8][17] = 4209;
ans[8][18] = 4734;
ans[8][19] = 5261;
ans[8][20] = 5844;
ans[8][21] = 6437;
ans[8][22] = 7070;
ans[8][23] = 7711;
ans[8][24] = 8408;
ans[8][25] = 9115;
ans[8][26] = 9872;
ans[8][27] = 10637;
ans[8][28] = 11444;
ans[8][29] = 12265;
ans[8][30] = 13142;
ans[8][31] = 14015;
ans[8][32] = 14944;
ans[8][33] = 15889;
ans[8][34] = 16876;
ans[8][35] = 17871;
ans[8][36] = 18914;
ans[8][37] = 19967;
ans[8][38] = 21076;
ans[8][39] = 22193;
ans[8][40] = 23352;
ans[9][1] = 1;
ans[9][2] = 83;
ans[9][3] = 164;
ans[9][4] = 299;
ans[9][5] = 454;
ans[9][6] = 673;
ans[9][7] = 894;
ans[9][8] = 1183;
ans[9][9] = 1492;
ans[9][10] = 1855;
ans[9][11] = 2218;
ans[9][12] = 2653;
ans[9][13] = 3102;
ans[9][14] = 3623;
ans[9][15] = 4148;
ans[9][16] = 4719;
ans[9][17] = 5310;
ans[9][18] = 5973;
ans[9][19] = 6638;
ans[9][20] = 7375;
ans[9][21] = 8124;
ans[9][22] = 8923;
ans[9][23] = 9730;
ans[9][24] = 10609;
ans[9][25] = 11502;
ans[9][26] = 12459;
ans[9][27] = 13424;
ans[9][28] = 14443;
ans[9][29] = 15478;
ans[9][30] = 16585;
ans[9][31] = 17686;
ans[9][32] = 18859;
ans[9][33] = 20052;
ans[9][34] = 21299;
ans[9][35] = 22554;
ans[9][36] = 23869;
ans[9][37] = 25198;
ans[9][38] = 26599;
ans[9][39] = 28008;
ans[9][40] = 29471;
ans[10][1] = 1;
ans[10][2] = 102;
ans[10][3] = 203;
ans[10][4] = 370;
ans[10][5] = 563;
ans[10][6] = 836;
ans[10][7] = 1111;
ans[10][8] = 1470;
ans[10][9] = 1855;
ans[10][10] = 2306;
ans[10][11] = 2757;
ans[10][12] = 3298;
ans[10][13] = 3857;
ans[10][14] = 4506;
ans[10][15] = 5159;
ans[10][16] = 5868;
ans[10][17] = 6603;
ans[10][18] = 7428;
ans[10][19] = 8255;
ans[10][20] = 9172;
ans[10][21] = 10105;
ans[10][22] = 11098;
ans[10][23] = 12101;
ans[10][24] = 13194;
ans[10][25] = 14305;
ans[10][26] = 15496;
ans[10][27] = 16697;
ans[10][28] = 17964;
ans[10][29] = 19251;
ans[10][30] = 20628;
ans[10][31] = 21997;
ans[10][32] = 23456;
ans[10][33] = 24941;
ans[10][34] = 26492;
ans[10][35] = 28053;
ans[10][36] = 29688;
ans[10][37] = 31341;
ans[10][38] = 33084;
ans[10][39] = 34837;
ans[10][40] = 36656;
ans[11][1] = 1;
ans[11][2] = 123;
ans[11][3] = 244;
ans[11][4] = 445;
ans[11][5] = 676;
ans[11][6] = 1003;
ans[11][7] = 1330;
ans[11][8] = 1759;
ans[11][9] = 2218;
ans[11][10] = 2757;
ans[11][11] = 3296;
ans[11][12] = 3945;
ans[11][13] = 4614;
ans[11][14] = 5393;
ans[11][15] = 6174;
ans[11][16] = 7021;
ans[11][17] = 7898;
ans[11][18] = 8885;
ans[11][19] = 9872;
ans[11][20] = 10969;
ans[11][21] = 12086;
ans[11][22] = 13275;
ans[11][23] = 14474;
ans[11][24] = 15783;
ans[11][25] = 17112;
ans[11][26] = 18537;
ans[11][27] = 19972;
ans[11][28] = 21487;
ans[11][29] = 23024;
ans[11][30] = 24671;
ans[11][31] = 26308;
ans[11][32] = 28055;
ans[11][33] = 29832;
ans[11][34] = 31689;
ans[11][35] = 33556;
ans[11][36] = 35511;
ans[11][37] = 37486;
ans[11][38] = 39571;
ans[11][39] = 41666;
ans[11][40] = 43841;
ans[12][1] = 1;
ans[12][2] = 146;
ans[12][3] = 291;
ans[12][4] = 532;
ans[12][5] = 809;
ans[12][6] = 1200;
ans[12][7] = 1591;
ans[12][8] = 2104;
ans[12][9] = 2653;
ans[12][10] = 3298;
ans[12][11] = 3945;
ans[12][12] = 4722;
ans[12][13] = 5523;
ans[12][14] = 6456;
ans[12][15] = 7391;
ans[12][16] = 8404;
ans[12][17] = 9453;
ans[12][18] = 10634;
ans[12][19] = 11815;
ans[12][20] = 13128;
ans[12][21] = 14467;
ans[12][22] = 15892;
ans[12][23] = 17327;
ans[12][24] = 18894;
ans[12][25] = 20485;
ans[12][26] = 22190;
ans[12][27] = 23907;
ans[12][28] = 25720;
ans[12][29] = 27559;
ans[12][30] = 29530;
ans[12][31] = 31491;
ans[12][32] = 33584;
ans[12][33] = 35713;
ans[12][34] = 37936;
ans[12][35] = 40171;
ans[12][36] = 42510;
ans[12][37] = 44873;
ans[12][38] = 47368;
ans[12][39] = 49875;
ans[12][40] = 52478;
ans[13][1] = 1;
ans[13][2] = 171;
ans[13][3] = 340;
ans[13][4] = 621;
ans[13][5] = 944;
ans[13][6] = 1401;
ans[13][7] = 1858;
ans[13][8] = 2459;
ans[13][9] = 3102;
ans[13][10] = 3857;
ans[13][11] = 4614;
ans[13][12] = 5523;
ans[13][13] = 6460;
ans[13][14] = 7553;
ans[13][15] = 8646;
ans[13][16] = 9829;
ans[13][17] = 11054;
ans[13][18] = 12435;
ans[13][19] = 13816;
ans[13][20] = 15353;
ans[13][21] = 16922;
ans[13][22] = 18591;
ans[13][23] = 20268;
ans[13][24] = 22101;
ans[13][25] = 23962;
ans[13][26] = 25957;
ans[13][27] = 27964;
ans[13][28] = 30083;
ans[13][29] = 32232;
ans[13][30] = 34537;
ans[13][31] = 36832;
ans[13][32] = 39283;
ans[13][33] = 41776;
ans[13][34] = 44377;
ans[13][35] = 46990;
ans[13][36] = 49725;
ans[13][37] = 52488;
ans[13][38] = 55407;
ans[13][39] = 58338;
ans[13][40] = 61381;
ans[14][1] = 1;
ans[14][2] = 198;
ans[14][3] = 395;
ans[14][4] = 722;
ans[14][5] = 1099;
ans[14][6] = 1632;
ans[14][7] = 2167;
ans[14][8] = 2870;
ans[14][9] = 3623;
ans[14][10] = 4506;
ans[14][11] = 5393;
ans[14][12] = 6456;
ans[14][13] = 7553;
ans[14][14] = 8830;
ans[14][15] = 10107;
ans[14][16] = 11488;
ans[14][17] = 12919;
ans[14][18] = 14532;
ans[14][19] = 16147;
ans[14][20] = 17944;
ans[14][21] = 19781;
ans[14][22] = 21734;
ans[14][23] = 23695;
ans[14][24] = 25838;
ans[14][25] = 28015;
ans[14][26] = 30348;
ans[14][27] = 32693;
ans[14][28] = 35168;
ans[14][29] = 37679;
ans[14][30] = 40372;
ans[14][31] = 43057;
ans[14][32] = 45924;
ans[14][33] = 48841;
ans[14][34] = 51882;
ans[14][35] = 54937;
ans[14][36] = 58134;
ans[14][37] = 61365;
ans[14][38] = 64778;
ans[14][39] = 68205;
ans[14][40] = 71760;
ans[15][1] = 1;
ans[15][2] = 227;
ans[15][3] = 452;
ans[15][4] = 827;
ans[15][5] = 1258;
ans[15][6] = 1869;
ans[15][7] = 2482;
ans[15][8] = 3287;
ans[15][9] = 4148;
ans[15][10] = 5159;
ans[15][11] = 6174;
ans[15][12] = 7391;
ans[15][13] = 8646;
ans[15][14] = 10107;
ans[15][15] = 11568;
ans[15][16] = 13149;
ans[15][17] = 14786;
ans[15][18] = 16633;
ans[15][19] = 18482;
ans[15][20] = 20541;
ans[15][21] = 22646;
ans[15][22] = 24883;
ans[15][23] = 27126;
ans[15][24] = 29579;
ans[15][25] = 32070;
ans[15][26] = 34741;
ans[15][27] = 37422;
ans[15][28] = 40253;
ans[15][29] = 43126;
ans[15][30] = 46209;
ans[15][31] = 49284;
ans[15][32] = 52569;
ans[15][33] = 55910;
ans[15][34] = 59393;
ans[15][35] = 62890;
ans[15][36] = 66549;
ans[15][37] = 70246;
ans[15][38] = 74153;
ans[15][39] = 78074;
ans[15][40] = 82141;
ans[16][1] = 1;
ans[16][2] = 258;
ans[16][3] = 515;
ans[16][4] = 942;
ans[16][5] = 1433;
ans[16][6] = 2128;
ans[16][7] = 2825;
ans[16][8] = 3740;
ans[16][9] = 4719;
ans[16][10] = 5868;
ans[16][11] = 7021;
ans[16][12] = 8404;
ans[16][13] = 9829;
ans[16][14] = 11488;
ans[16][15] = 13149;
ans[16][16] = 14946;
ans[16][17] = 16807;
ans[16][18] = 18908;
ans[16][19] = 21011;
ans[16][20] = 23354;
ans[16][21] = 25749;
ans[16][22] = 28292;
ans[16][23] = 30841;
ans[16][24] = 33630;
ans[16][25] = 36461;
ans[16][26] = 39496;
ans[16][27] = 42541;
ans[16][28] = 45756;
ans[16][29] = 49021;
ans[16][30] = 52526;
ans[16][31] = 56023;
ans[16][32] = 59760;
ans[16][33] = 63561;
ans[16][34] = 67522;
ans[16][35] = 71499;
ans[16][36] = 75658;
ans[16][37] = 79859;
ans[16][38] = 84300;
ans[16][39] = 88757;
ans[16][40] = 93378;
ans[17][1] = 1;
ans[17][2] = 291;
ans[17][3] = 580;
ans[17][4] = 1061;
ans[17][5] = 1614;
ans[17][6] = 2397;
ans[17][7] = 3180;
ans[17][8] = 4209;
ans[17][9] = 5310;
ans[17][10] = 6603;
ans[17][11] = 7898;
ans[17][12] = 9453;
ans[17][13] = 11054;
ans[17][14] = 12919;
ans[17][15] = 14786;
ans[17][16] = 16807;
ans[17][17] = 18900;
ans[17][18] = 21265;
ans[17][19] = 23630;
ans[17][20] = 26267;
ans[17][21] = 28962;
ans[17][22] = 31823;
ans[17][23] = 34688;
ans[17][24] = 37825;
ans[17][25] = 41008;
ans[17][26] = 44421;
ans[17][27] = 47842;
ans[17][28] = 51455;
ans[17][29] = 55126;
ans[17][30] = 59069;
ans[17][31] = 63002;
ans[17][32] = 67207;
ans[17][33] = 71484;
ans[17][34] = 75941;
ans[17][35] = 80414;
ans[17][36] = 85091;
ans[17][37] = 89814;
ans[17][38] = 94809;
ans[17][39] = 99820;
ans[17][40] = 105015;
ans[18][1] = 1;
ans[18][2] = 326;
ans[18][3] = 651;
ans[18][4] = 1192;
ans[18][5] = 1815;
ans[18][6] = 2696;
ans[18][7] = 3577;
ans[18][8] = 4734;
ans[18][9] = 5973;
ans[18][10] = 7428;
ans[18][11] = 8885;
ans[18][12] = 10634;
ans[18][13] = 12435;
ans[18][14] = 14532;
ans[18][15] = 16633;
ans[18][16] = 18908;
ans[18][17] = 21265;
ans[18][18] = 23926;
ans[18][19] = 26587;
ans[18][20] = 29554;
ans[18][21] = 32587;
ans[18][22] = 35806;
ans[18][23] = 39029;
ans[18][24] = 42558;
ans[18][25] = 46139;
ans[18][26] = 49978;
ans[18][27] = 53825;
ans[18][28] = 57888;
ans[18][29] = 62019;
ans[18][30] = 66456;
ans[18][31] = 70883;
ans[18][32] = 75616;
ans[18][33] = 80431;
ans[18][34] = 85448;
ans[18][35] = 90481;
ans[18][36] = 95742;
ans[18][37] = 101055;
ans[18][38] = 106674;
ans[18][39] = 112311;
ans[18][40] = 118154;
ans[19][1] = 1;
ans[19][2] = 363;
ans[19][3] = 724;
ans[19][4] = 1325;
ans[19][5] = 2016;
ans[19][6] = 2995;
ans[19][7] = 3974;
ans[19][8] = 5261;
ans[19][9] = 6638;
ans[19][10] = 8255;
ans[19][11] = 9872;
ans[19][12] = 11815;
ans[19][13] = 13816;
ans[19][14] = 16147;
ans[19][15] = 18482;
ans[19][16] = 21011;
ans[19][17] = 23630;
ans[19][18] = 26587;
ans[19][19] = 29544;
ans[19][20] = 32843;
ans[19][21] = 36214;
ans[19][22] = 39791;
ans[19][23] = 43370;
ans[19][24] = 47291;
ans[19][25] = 51270;
ans[19][26] = 55537;
ans[19][27] = 59810;
ans[19][28] = 64323;
ans[19][29] = 68912;
ans[19][30] = 73843;
ans[19][31] = 78764;
ans[19][32] = 84027;
ans[19][33] = 89380;
ans[19][34] = 94957;
ans[19][35] = 100548;
ans[19][36] = 106393;
ans[19][37] = 112296;
ans[19][38] = 118541;
ans[19][39] = 124804;
ans[19][40] = 131295;
ans[20][1] = 1;
ans[20][2] = 402;
ans[20][3] = 803;
ans[20][4] = 1470;
ans[20][5] = 2237;
ans[20][6] = 3324;
ans[20][7] = 4413;
ans[20][8] = 5844;
ans[20][9] = 7375;
ans[20][10] = 9172;
ans[20][11] = 10969;
ans[20][12] = 13128;
ans[20][13] = 15353;
ans[20][14] = 17944;
ans[20][15] = 20541;
ans[20][16] = 23354;
ans[20][17] = 26267;
ans[20][18] = 29554;
ans[20][19] = 32843;
ans[20][20] = 36510;
ans[20][21] = 40257;
ans[20][22] = 44232;
ans[20][23] = 48209;
ans[20][24] = 52566;
ans[20][25] = 56989;
ans[20][26] = 61732;
ans[20][27] = 66481;
ans[20][28] = 71496;
ans[20][29] = 76597;
ans[20][30] = 82078;
ans[20][31] = 87551;
ans[20][32] = 93404;
ans[20][33] = 99357;
ans[20][34] = 105558;
ans[20][35] = 111773;
ans[20][36] = 118270;
ans[20][37] = 124833;
ans[20][38] = 131776;
ans[20][39] = 138737;
ans[20][40] = 145950;
ans[21][1] = 1;
ans[21][2] = 443;
ans[21][3] = 884;
ans[21][4] = 1619;
ans[21][5] = 2464;
ans[21][6] = 3661;
ans[21][7] = 4860;
ans[21][8] = 6437;
ans[21][9] = 8124;
ans[21][10] = 10105;
ans[21][11] = 12086;
ans[21][12] = 14467;
ans[21][13] = 16922;
ans[21][14] = 19781;
ans[21][15] = 22646;
ans[21][16] = 25749;
ans[21][17] = 28962;
ans[21][18] = 32587;
ans[21][19] = 36214;
ans[21][20] = 40257;
ans[21][21] = 44388;
ans[21][22] = 48771;
ans[21][23] = 53154;
ans[21][24] = 57957;
ans[21][25] = 62834;
ans[21][26] = 68063;
ans[21][27] = 73296;
ans[21][28] = 78823;
ans[21][29] = 84446;
ans[21][30] = 90489;
ans[21][31] = 96526;
ans[21][32] = 102983;
ans[21][33] = 109550;
ans[21][34] = 116391;
ans[21][35] = 123244;
ans[21][36] = 130407;
ans[21][37] = 137644;
ans[21][38] = 145301;
ans[21][39] = 152974;
ans[21][40] = 160925;
ans[22][1] = 1;
ans[22][2] = 486;
ans[22][3] = 971;
ans[22][4] = 1778;
ans[22][5] = 2707;
ans[22][6] = 4022;
ans[22][7] = 5339;
ans[22][8] = 7070;
ans[22][9] = 8923;
ans[22][10] = 11098;
ans[22][11] = 13275;
ans[22][12] = 15892;
ans[22][13] = 18591;
ans[22][14] = 21734;
ans[22][15] = 24883;
ans[22][16] = 28292;
ans[22][17] = 31823;
ans[22][18] = 35806;
ans[22][19] = 39791;
ans[22][20] = 44232;
ans[22][21] = 48771;
ans[22][22] = 53586;
ans[22][23] = 58401;
ans[22][24] = 63678;
ans[22][25] = 69037;
ans[22][26] = 74782;
ans[22][27] = 80531;
ans[22][28] = 86602;
ans[22][29] = 92779;
ans[22][30] = 99418;
ans[22][31] = 106053;
ans[22][32] = 113150;
ans[22][33] = 120369;
ans[22][34] = 127888;
ans[22][35] = 135419;
ans[22][36] = 143288;
ans[22][37] = 151239;
ans[22][38] = 159652;
ans[22][39] = 168081;
ans[22][40] = 176814;
ans[23][1] = 1;
ans[23][2] = 531;
ans[23][3] = 1060;
ans[23][4] = 1941;
ans[23][5] = 2954;
ans[23][6] = 4389;
ans[23][7] = 5824;
ans[23][8] = 7711;
ans[23][9] = 9730;
ans[23][10] = 12101;
ans[23][11] = 14474;
ans[23][12] = 17327;
ans[23][13] = 20268;
ans[23][14] = 23695;
ans[23][15] = 27126;
ans[23][16] = 30841;
ans[23][17] = 34688;
ans[23][18] = 39029;
ans[23][19] = 43370;
ans[23][20] = 48209;
ans[23][21] = 53154;
ans[23][22] = 58401;
ans[23][23] = 63648;
ans[23][24] = 69401;
ans[23][25] = 75242;
ans[23][26] = 81505;
ans[23][27] = 87770;
ans[23][28] = 94387;
ans[23][29] = 101118;
ans[23][30] = 108355;
ans[23][31] = 115588;
ans[23][32] = 123327;
ans[23][33] = 131198;
ans[23][34] = 139395;
ans[23][35] = 147602;
ans[23][36] = 156177;
ans[23][37] = 164840;
ans[23][38] = 174009;
ans[23][39] = 183192;
ans[23][40] = 192707;
ans[24][1] = 1;
ans[24][2] = 578;
ans[24][3] = 1155;
ans[24][4] = 2116;
ans[24][5] = 3221;
ans[24][6] = 4786;
ans[24][7] = 6351;
ans[24][8] = 8408;
ans[24][9] = 10609;
ans[24][10] = 13194;
ans[24][11] = 15783;
ans[24][12] = 18894;
ans[24][13] = 22101;
ans[24][14] = 25838;
ans[24][15] = 29579;
ans[24][16] = 33630;
ans[24][17] = 37825;
ans[24][18] = 42558;
ans[24][19] = 47291;
ans[24][20] = 52566;
ans[24][21] = 57957;
ans[24][22] = 63678;
ans[24][23] = 69401;
ans[24][24] = 75674;
ans[24][25] = 82043;
ans[24][26] = 88872;
ans[24][27] = 95703;
ans[24][28] = 102918;
ans[24][29] = 110257;
ans[24][30] = 118148;
ans[24][31] = 126037;
ans[24][32] = 134478;
ans[24][33] = 143063;
ans[24][34] = 152002;
ans[24][35] = 160951;
ans[24][36] = 170300;
ans[24][37] = 179745;
ans[24][38] = 189742;
ans[24][39] = 199753;
ans[24][40] = 210126;
ans[25][1] = 1;
ans[25][2] = 627;
ans[25][3] = 1252;
ans[25][4] = 2293;
ans[25][5] = 3490;
ans[25][6] = 5187;
ans[25][7] = 6884;
ans[25][8] = 9115;
ans[25][9] = 11502;
ans[25][10] = 14305;
ans[25][11] = 17112;
ans[25][12] = 20485;
ans[25][13] = 23962;
ans[25][14] = 28015;
ans[25][15] = 32070;
ans[25][16] = 36461;
ans[25][17] = 41008;
ans[25][18] = 46139;
ans[25][19] = 51270;
ans[25][20] = 56989;
ans[25][21] = 62834;
ans[25][22] = 69037;
ans[25][23] = 75242;
ans[25][24] = 82043;
ans[25][25] = 88948;
ans[25][26] = 96353;
ans[25][27] = 103758;
ans[25][28] = 111579;
ans[25][29] = 119534;
ans[25][30] = 128089;
ans[25][31] = 136644;
ans[25][32] = 145799;
ans[25][33] = 155110;
ans[25][34] = 164803;
ans[25][35] = 174504;
ans[25][36] = 184639;
ans[25][37] = 194878;
ans[25][38] = 205717;
ans[25][39] = 216568;
ans[25][40] = 227811;
ans[26][1] = 1;
ans[26][2] = 678;
ans[26][3] = 1355;
ans[26][4] = 2482;
ans[26][5] = 3779;
ans[26][6] = 5616;
ans[26][7] = 7455;
ans[26][8] = 9872;
ans[26][9] = 12459;
ans[26][10] = 15496;
ans[26][11] = 18537;
ans[26][12] = 22190;
ans[26][13] = 25957;
ans[26][14] = 30348;
ans[26][15] = 34741;
ans[26][16] = 39496;
ans[26][17] = 44421;
ans[26][18] = 49978;
ans[26][19] = 55537;
ans[26][20] = 61732;
ans[26][21] = 68063;
ans[26][22] = 74782;
ans[26][23] = 81505;
ans[26][24] = 88872;
ans[26][25] = 96353;
ans[26][26] = 104374;
ans[26][27] = 112395;
ans[26][28] = 120866;
ans[26][29] = 129483;
ans[26][30] = 138750;
ans[26][31] = 148019;
ans[26][32] = 157938;
ans[26][33] = 168027;
ans[26][34] = 178528;
ans[26][35] = 189037;
ans[26][36] = 200014;
ans[26][37] = 211105;
ans[26][38] = 222846;
ans[26][39] = 234599;
ans[26][40] = 246776;
ans[27][1] = 1;
ans[27][2] = 731;
ans[27][3] = 1460;
ans[27][4] = 2675;
ans[27][5] = 4072;
ans[27][6] = 6051;
ans[27][7] = 8032;
ans[27][8] = 10637;
ans[27][9] = 13424;
ans[27][10] = 16697;
ans[27][11] = 19972;
ans[27][12] = 23907;
ans[27][13] = 27964;
ans[27][14] = 32693;
ans[27][15] = 37422;
ans[27][16] = 42541;
ans[27][17] = 47842;
ans[27][18] = 53825;
ans[27][19] = 59810;
ans[27][20] = 66481;
ans[27][21] = 73296;
ans[27][22] = 80531;
ans[27][23] = 87770;
ans[27][24] = 95703;
ans[27][25] = 103758;
ans[27][26] = 112395;
ans[27][27] = 121032;
ans[27][28] = 130155;
ans[27][29] = 139434;
ans[27][30] = 149415;
ans[27][31] = 159398;
ans[27][32] = 170083;
ans[27][33] = 180950;
ans[27][34] = 192261;
ans[27][35] = 203578;
ans[27][36] = 215399;
ans[27][37] = 227342;
ans[27][38] = 239987;
ans[27][39] = 252642;
ans[27][40] = 265753;
ans[28][1] = 1;
ans[28][2] = 786;
ans[28][3] = 1571;
ans[28][4] = 2878;
ans[28][5] = 4381;
ans[28][6] = 6510;
ans[28][7] = 8641;
ans[28][8] = 11444;
ans[28][9] = 14443;
ans[28][10] = 17964;
ans[28][11] = 21487;
ans[28][12] = 25720;
ans[28][13] = 30083;
ans[28][14] = 35168;
ans[28][15] = 40253;
ans[28][16] = 45756;
ans[28][17] = 51455;
ans[28][18] = 57888;
ans[28][19] = 64323;
ans[28][20] = 71496;
ans[28][21] = 78823;
ans[28][22] = 86602;
ans[28][23] = 94387;
ans[28][24] = 102918;
ans[28][25] = 111579;
ans[28][26] = 120866;
ans[28][27] = 130155;
ans[28][28] = 139966;
ans[28][29] = 149945;
ans[28][30] = 160680;
ans[28][31] = 171417;
ans[28][32] = 182910;
ans[28][33] = 194599;
ans[28][34] = 206764;
ans[28][35] = 218935;
ans[28][36] = 231648;
ans[28][37] = 244491;
ans[28][38] = 258090;
ans[28][39] = 271699;
ans[28][40] = 285796;
ans[29][1] = 1;
ans[29][2] = 843;
ans[29][3] = 1684;
ans[29][4] = 3085;
ans[29][5] = 4696;
ans[29][6] = 6979;
ans[29][7] = 9262;
ans[29][8] = 12265;
ans[29][9] = 15478;
ans[29][10] = 19251;
ans[29][11] = 23024;
ans[29][12] = 27559;
ans[29][13] = 32232;
ans[29][14] = 37679;
ans[29][15] = 43126;
ans[29][16] = 49021;
ans[29][17] = 55126;
ans[29][18] = 62019;
ans[29][19] = 68912;
ans[29][20] = 76597;
ans[29][21] = 84446;
ans[29][22] = 92779;
ans[29][23] = 101118;
ans[29][24] = 110257;
ans[29][25] = 119534;
ans[29][26] = 129483;
ans[29][27] = 139434;
ans[29][28] = 149945;
ans[29][29] = 160636;
ans[29][30] = 172139;
ans[29][31] = 183642;
ans[29][32] = 195957;
ans[29][33] = 208482;
ans[29][34] = 221517;
ans[29][35] = 234556;
ans[29][36] = 248175;
ans[29][37] = 261932;
ans[29][38] = 276501;
ans[29][39] = 291078;
ans[29][40] = 306177;
ans[30][1] = 1;
ans[30][2] = 902;
ans[30][3] = 1803;
ans[30][4] = 3304;
ans[30][5] = 5031;
ans[30][6] = 7478;
ans[30][7] = 9925;
ans[30][8] = 13142;
ans[30][9] = 16585;
ans[30][10] = 20628;
ans[30][11] = 24671;
ans[30][12] = 29530;
ans[30][13] = 34537;
ans[30][14] = 40372;
ans[30][15] = 46209;
ans[30][16] = 52526;
ans[30][17] = 59069;
ans[30][18] = 66456;
ans[30][19] = 73843;
ans[30][20] = 82078;
ans[30][21] = 90489;
ans[30][22] = 99418;
ans[30][23] = 108355;
ans[30][24] = 118148;
ans[30][25] = 128089;
ans[30][26] = 138750;
ans[30][27] = 149415;
ans[30][28] = 160680;
ans[30][29] = 172139;
ans[30][30] = 184466;
ans[30][31] = 196793;
ans[30][32] = 209990;
ans[30][33] = 223413;
ans[30][34] = 237382;
ans[30][35] = 251355;
ans[30][36] = 265948;
ans[30][37] = 280689;
ans[30][38] = 296300;
ans[30][39] = 311919;
ans[30][40] = 328096;
ans[31][1] = 1;
ans[31][2] = 963;
ans[31][3] = 1924;
ans[31][4] = 3525;
ans[31][5] = 5366;
ans[31][6] = 7975;
ans[31][7] = 10584;
ans[31][8] = 14015;
ans[31][9] = 17686;
ans[31][10] = 21997;
ans[31][11] = 26308;
ans[31][12] = 31491;
ans[31][13] = 36832;
ans[31][14] = 43057;
ans[31][15] = 49284;
ans[31][16] = 56023;
ans[31][17] = 63002;
ans[31][18] = 70883;
ans[31][19] = 78764;
ans[31][20] = 87551;
ans[31][21] = 96526;
ans[31][22] = 106053;
ans[31][23] = 115588;
ans[31][24] = 126037;
ans[31][25] = 136644;
ans[31][26] = 148019;
ans[31][27] = 159398;
ans[31][28] = 171417;
ans[31][29] = 183642;
ans[31][30] = 196793;
ans[31][31] = 209944;
ans[31][32] = 224025;
ans[31][33] = 238346;
ans[31][34] = 253249;
ans[31][35] = 268154;
ans[31][36] = 283719;
ans[31][37] = 299442;
ans[31][38] = 316095;
ans[31][39] = 332754;
ans[31][40] = 350007;
ans[32][1] = 1;
ans[32][2] = 1026;
ans[32][3] = 2051;
ans[32][4] = 3758;
ans[32][5] = 5721;
ans[32][6] = 8502;
ans[32][7] = 11285;
ans[32][8] = 14944;
ans[32][9] = 18859;
ans[32][10] = 23456;
ans[32][11] = 28055;
ans[32][12] = 33584;
ans[32][13] = 39283;
ans[32][14] = 45924;
ans[32][15] = 52569;
ans[32][16] = 59760;
ans[32][17] = 67207;
ans[32][18] = 75616;
ans[32][19] = 84027;
ans[32][20] = 93404;
ans[32][21] = 102983;
ans[32][22] = 113150;
ans[32][23] = 123327;
ans[32][24] = 134478;
ans[32][25] = 145799;
ans[32][26] = 157938;
ans[32][27] = 170083;
ans[32][28] = 182910;
ans[32][29] = 195957;
ans[32][30] = 209990;
ans[32][31] = 224025;
ans[32][32] = 239050;
ans[32][33] = 254331;
ans[32][34] = 270232;
ans[32][35] = 286135;
ans[32][36] = 302740;
ans[32][37] = 319515;
ans[32][38] = 337282;
ans[32][39] = 355055;
ans[32][40] = 373460;
ans[33][1] = 1;
ans[33][2] = 1091;
ans[33][3] = 2180;
ans[33][4] = 3995;
ans[33][5] = 6082;
ans[33][6] = 9039;
ans[33][7] = 11998;
ans[33][8] = 15889;
ans[33][9] = 20052;
ans[33][10] = 24941;
ans[33][11] = 29832;
ans[33][12] = 35713;
ans[33][13] = 41776;
ans[33][14] = 48841;
ans[33][15] = 55910;
ans[33][16] = 63561;
ans[33][17] = 71484;
ans[33][18] = 80431;
ans[33][19] = 89380;
ans[33][20] = 99357;
ans[33][21] = 109550;
ans[33][22] = 120369;
ans[33][23] = 131198;
ans[33][24] = 143063;
ans[33][25] = 155110;
ans[33][26] = 168027;
ans[33][27] = 180950;
ans[33][28] = 194599;
ans[33][29] = 208482;
ans[33][30] = 223413;
ans[33][31] = 238346;
ans[33][32] = 254331;
ans[33][33] = 270588;
ans[33][34] = 287505;
ans[33][35] = 304422;
ans[33][36] = 322085;
ans[33][37] = 339930;
ans[33][38] = 358831;
ans[33][39] = 377736;
ans[33][40] = 397313;
ans[34][1] = 1;
ans[34][2] = 1158;
ans[34][3] = 2315;
ans[34][4] = 4242;
ans[34][5] = 6459;
ans[34][6] = 9600;
ans[34][7] = 12743;
ans[34][8] = 16876;
ans[34][9] = 21299;
ans[34][10] = 26492;
ans[34][11] = 31689;
ans[34][12] = 37936;
ans[34][13] = 44377;
ans[34][14] = 51882;
ans[34][15] = 59393;
ans[34][16] = 67522;
ans[34][17] = 75941;
ans[34][18] = 85448;
ans[34][19] = 94957;
ans[34][20] = 105558;
ans[34][21] = 116391;
ans[34][22] = 127888;
ans[34][23] = 139395;
ans[34][24] = 152002;
ans[34][25] = 164803;
ans[34][26] = 178528;
ans[34][27] = 192261;
ans[34][28] = 206764;
ans[34][29] = 221517;
ans[34][30] = 237382;
ans[34][31] = 253249;
ans[34][32] = 270232;
ans[34][33] = 287505;
ans[34][34] = 305478;
ans[34][35] = 323451;
ans[34][36] = 342216;
ans[34][37] = 361175;
ans[34][38] = 381256;
ans[34][39] = 401341;
ans[34][40] = 422138;
ans[35][1] = 1;
ans[35][2] = 1227;
ans[35][3] = 2452;
ans[35][4] = 4493;
ans[35][5] = 6840;
ans[35][6] = 10167;
ans[35][7] = 13494;
ans[35][8] = 17871;
ans[35][9] = 22554;
ans[35][10] = 28053;
ans[35][11] = 33556;
ans[35][12] = 40171;
ans[35][13] = 46990;
ans[35][14] = 54937;
ans[35][15] = 62890;
ans[35][16] = 71499;
ans[35][17] = 80414;
ans[35][18] = 90481;
ans[35][19] = 100548;
ans[35][20] = 111773;
ans[35][21] = 123244;
ans[35][22] = 135419;
ans[35][23] = 147602;
ans[35][24] = 160951;
ans[35][25] = 174504;
ans[35][26] = 189037;
ans[35][27] = 203578;
ans[35][28] = 218935;
ans[35][29] = 234556;
ans[35][30] = 251355;
ans[35][31] = 268154;
ans[35][32] = 286135;
ans[35][33] = 304422;
ans[35][34] = 323451;
ans[35][35] = 342480;
ans[35][36] = 362349;
ans[35][37] = 382422;
ans[35][38] = 403685;
ans[35][39] = 424950;
ans[35][40] = 446969;
ans[36][1] = 1;
ans[36][2] = 1298;
ans[36][3] = 2595;
ans[36][4] = 4756;
ans[36][5] = 7241;
ans[36][6] = 10762;
ans[36][7] = 14283;
ans[36][8] = 18914;
ans[36][9] = 23869;
ans[36][10] = 29688;
ans[36][11] = 35511;
ans[36][12] = 42510;
ans[36][13] = 49725;
ans[36][14] = 58134;
ans[36][15] = 66549;
ans[36][16] = 75658;
ans[36][17] = 85091;
ans[36][18] = 95742;
ans[36][19] = 106393;
ans[36][20] = 118270;
ans[36][21] = 130407;
ans[36][22] = 143288;
ans[36][23] = 156177;
ans[36][24] = 170300;
ans[36][25] = 184639;
ans[36][26] = 200014;
ans[36][27] = 215399;
ans[36][28] = 231648;
ans[36][29] = 248175;
ans[36][30] = 265948;
ans[36][31] = 283719;
ans[36][32] = 302740;
ans[36][33] = 322085;
ans[36][34] = 342216;
ans[36][35] = 362349;
ans[36][36] = 383370;
ans[36][37] = 404607;
ans[36][38] = 427104;
ans[36][39] = 449603;
ans[36][40] = 472900;
ans[37][1] = 1;
ans[37][2] = 1371;
ans[37][3] = 2740;
ans[37][4] = 5021;
ans[37][5] = 7644;
ans[37][6] = 11361;
ans[37][7] = 15078;
ans[37][8] = 19967;
ans[37][9] = 25198;
ans[37][10] = 31341;
ans[37][11] = 37486;
ans[37][12] = 44873;
ans[37][13] = 52488;
ans[37][14] = 61365;
ans[37][15] = 70246;
ans[37][16] = 79859;
ans[37][17] = 89814;
ans[37][18] = 101055;
ans[37][19] = 112296;
ans[37][20] = 124833;
ans[37][21] = 137644;
ans[37][22] = 151239;
ans[37][23] = 164840;
ans[37][24] = 179745;
ans[37][25] = 194878;
ans[37][26] = 211105;
ans[37][27] = 227342;
ans[37][28] = 244491;
ans[37][29] = 261932;
ans[37][30] = 280689;
ans[37][31] = 299442;
ans[37][32] = 319515;
ans[37][33] = 339930;
ans[37][34] = 361175;
ans[37][35] = 382422;
ans[37][36] = 404607;
ans[37][37] = 427020;
ans[37][38] = 450765;
ans[37][39] = 474510;
ans[37][40] = 499097;
ans[38][1] = 1;
ans[38][2] = 1446;
ans[38][3] = 2891;
ans[38][4] = 5298;
ans[38][5] = 8067;
ans[38][6] = 11990;
ans[38][7] = 15915;
ans[38][8] = 21076;
ans[38][9] = 26599;
ans[38][10] = 33084;
ans[38][11] = 39571;
ans[38][12] = 47368;
ans[38][13] = 55407;
ans[38][14] = 64778;
ans[38][15] = 74153;
ans[38][16] = 84300;
ans[38][17] = 94809;
ans[38][18] = 106674;
ans[38][19] = 118541;
ans[38][20] = 131776;
ans[38][21] = 145301;
ans[38][22] = 159652;
ans[38][23] = 174009;
ans[38][24] = 189742;
ans[38][25] = 205717;
ans[38][26] = 222846;
ans[38][27] = 239987;
ans[38][28] = 258090;
ans[38][29] = 276501;
ans[38][30] = 296300;
ans[38][31] = 316095;
ans[38][32] = 337282;
ans[38][33] = 358831;
ans[38][34] = 381256;
ans[38][35] = 403685;
ans[38][36] = 427104;
ans[38][37] = 450765;
ans[38][38] = 475830;
ans[38][39] = 500895;
ans[38][40] = 526848;
ans[39][1] = 1;
ans[39][2] = 1523;
ans[39][3] = 3044;
ans[39][4] = 5579;
ans[39][5] = 8494;
ans[39][6] = 12625;
ans[39][7] = 16758;
ans[39][8] = 22193;
ans[39][9] = 28008;
ans[39][10] = 34837;
ans[39][11] = 41666;
ans[39][12] = 49875;
ans[39][13] = 58338;
ans[39][14] = 68205;
ans[39][15] = 78074;
ans[39][16] = 88757;
ans[39][17] = 99820;
ans[39][18] = 112311;
ans[39][19] = 124804;
ans[39][20] = 138737;
ans[39][21] = 152974;
ans[39][22] = 168081;
ans[39][23] = 183192;
ans[39][24] = 199753;
ans[39][25] = 216568;
ans[39][26] = 234599;
ans[39][27] = 252642;
ans[39][28] = 271699;
ans[39][29] = 291078;
ans[39][30] = 311919;
ans[39][31] = 332754;
ans[39][32] = 355055;
ans[39][33] = 377736;
ans[39][34] = 401341;
ans[39][35] = 424950;
ans[39][36] = 449603;
ans[39][37] = 474510;
ans[39][38] = 500895;
ans[39][39] = 527280;
ans[39][40] = 554601;
ans[40][1] = 1;
ans[40][2] = 1602;
ans[40][3] = 3203;
ans[40][4] = 5870;
ans[40][5] = 8937;
ans[40][6] = 13284;
ans[40][7] = 17633;
ans[40][8] = 23352;
ans[40][9] = 29471;
ans[40][10] = 36656;
ans[40][11] = 43841;
ans[40][12] = 52478;
ans[40][13] = 61381;
ans[40][14] = 71760;
ans[40][15] = 82141;
ans[40][16] = 93378;
ans[40][17] = 105015;
ans[40][18] = 118154;
ans[40][19] = 131295;
ans[40][20] = 145950;
ans[40][21] = 160925;
ans[40][22] = 176814;
ans[40][23] = 192707;
ans[40][24] = 210126;
ans[40][25] = 227811;
ans[40][26] = 246776;
ans[40][27] = 265753;
ans[40][28] = 285796;
ans[40][29] = 306177;
ans[40][30] = 328096;
ans[40][31] = 350007;
ans[40][32] = 373460;
ans[40][33] = 397313;
ans[40][34] = 422138;
ans[40][35] = 446969;
ans[40][36] = 472900;
ans[40][37] = 499097;
ans[40][38] = 526848;
ans[40][39] = 554601;
ans[40][40] = 583338;
    int t; SI(t);
    while (t--) {
    	SII(n, m);
    	cout << ans[n][m] << endl;
    }
	return 0;
}
/*
                   _ooOoo_
                  o8888888o
                  88" . "88
                  (| -_- |)
                  O\  =  /O
               ____/`---'\____
             .'  \|     |//  `.
            /  \|||  :  |||//  \
           /  _||||| -:- |||||-  \
           |   | \\  -  /// |   |
           | \_|  ''\---/''  |   |
           \  .-\__  `-`  ___/-. /
         ___`. .'  /--.--\  `. . __
      ."" '<  `.___\_<|>_/___.'  >'"".
     | | :  `- \`.;`\ _ /`;.`/ - ` : | |
     \  \ `-.   \_ __\ /__ _/   .-` /  /
======`-.____`-.___\_____/___.-`____.-'======
                   `=---='
^^^^^^^^^^^^^^^^^^^^^^^^^^^^^^^^^^^^^^^^^^^^^
			佛祖保佑		永无BUG
*/